0,23;0,38;0,0;0,53;0,4
0,23;0,38;0,0;0,52;0,4
0,23;0,38;0,0;0,52;0,4
0,23;0,37;0,0;0,53;0,4
0,22;0,37;0,0;0,52;0,4
0,23;0,37;0,0;0,52;0,4
0,24;0,36;0,0;0,52;0,4
0,24;0,36;0,0;0,51;0,4
0,24;0,36;0,0;0,51;0,4
0,23;0,36;0,0;0,51;0,4
0,23;0,36;0,0;0,51;0,4
0,22;0,35;0,0;0,51;0,4
0,23;0,34;0,0;0,50;0,4
0,23;0,34;0,0;0,50;0,4
0,23;0,33;0,0;0,51;0,4
0,23;0,33;0,0;0,51;0,4
0,21;0,32;0,0;0,51;0,4
0,20;1,33;0,34;0,52;0,4
0,22;11,35;8,40;6,52;0,6
0,38;13,56;13,62;13,63;0,12
0,77;14,70;16,68;18,63;0,35
0,94;15,75;19,75;23,65;0,48
0,99;15,96;20,78;25,70;0,63
0,88;15,94;23,72;31,67;0,55
0,58;15,86;28,70;41,67;0,25
0,53;5,84;23,72;41,70;0,20
0,62;2,73;20,67;38,66;0,35
0,67;1,72;19,75;36,76;0,45
0,58;1,62;17,71;33,70;0,24
0,49;4,59;18,64;33,62;0,17
0,49;9,79;20,75;31,76;0,13
0,66;10,89;18,82;26,84;0,20
0,88;10,73;17,77;24,77;0,46
0,86;11,77;16,71;22,55;0,53
0,82;11,94;16,73;21,67;0,35
0,62;11,84;16,73;22,70;0,15
0,55;7,85;21,70;35,68;0,13
0,51;2,80;20,64;39,60;0,19
0,60;1,71;21,69;42,68;0,19
0,60;1,70;23,67;45,66;0,38
0,57;0,57;24,67;47,65;0,27
0,49;3,47;26,62;49,59;0,21
0,43;11,38;30,60;49,57;0,18
0,57;12,48;25,59;38,56;0,21
0,84;13,70;22,63;32,52;0,53
0,90;13,73;20,73;26,52;0,59
0,95;14,93;17,73;21,58;0,44
0,72;14,90;16,68;19,54;0,19
0,46;11,80;18,62;23,55;0,10
0,51;3,79;16,63;28,55;0,9
0,57;2,70;17,69;31,68;0,16
0,69;1,70;17,70;33,69;0,34
0,69;1,72;18,73;35,73;0,34
0,57;2,57;19,74;36,75;0,19
0,48;9,52;23,67;37,66;0,10
0,52;11,51;22,66;32,64;0,14
0,71;11,52;19,58;26,57;0,34
0,86;12,80;18,76;24,53;0,45
0,89;12,95;17,72;22,56;0,44
0,77;12,88;17,68;21,62;0,28
0,53;11,75;19,70;26,68;0,14
0,49;3,68;17,69;30,68;0,17
0,52;2,66;17,62;32,60;0,18
0,50;1,66;18,67;34,65;0,16
0,56;1,55;18,64;35,62;0,19
0,49;6,40;21,64;36,62;0,16
0,47;11,32;26,67;42,66;0,14
0,64;12,60;28,70;46,69;0,28
0,91;12,67;28,70;44,63;0,47
0,99;12,80;26,73;42,67;0,52
0,88;12,94;26,78;40,78;0,46
0,75;12,94;25,71;39,69;0,34
0,61;6,82;25,66;44,63;0,19
0,45;2,68;22,66;43,65;0,12
0,46;1,66;19,67;38,65;0,15
0,56;0,61;19,64;38,62;0,26
0,49;0,50;19,63;38,61;0,28
0,48;8,52;23,65;39,63;0,20
0,49;10,45;25,65;40,63;0,17
0,75;11,73;24,64;36,62;0,34
0,91;12,73;22,72;33,60;0,54
0,97;12,90;21,73;30,58;0,47
0,87;12,99;20,65;28,53;0,36
0,52;12,90;21,63;30,57;0,12
0,44;5,78;23,62;40,59;0,15
0,47;3,84;24,63;44,60;0,20
0,71;2,93;25,65;49,61;0,30
0,77;1,94;27,70;52,68;0,30
0,60;1,78;28,64;54,62;0,23
0,58;6,83;32,65;57,63;0,18
0,61;7,80;32,66;57,64;0,17
0,70;7,71;28,66;49,65;0,29
0,87;7,69;26,71;44,65;0,45
0,82;7,94;23,77;39,72;0,41
0,78;7,99;22,73;36,69;0,29
0,64;7,91;24,75;40,74;0,18
0,61;2,76;23,74;43,75;0,15
0,47;1,70;22,68;44,67;0,13
0,57;0,64;22,69;44,69;0,33
0,58;0,51;22,68;43,67;0,32
0,54;1,44;22,66;43,64;0,22
0,44;6,40;27,63;47,61;0,12
0,49;8,42;26,65;44,64;0,14
0,76;9,72;25,65;41,61;0,32
0,86;9,78;24,70;39,57;0,40
0,99;9,97;24,75;39,69;0,38
0,71;9,94;24,76;39,75;0,22
0,62;8,84;25,75;42,75;0,20
0,52;3,80;22,70;41,69;0,28
0,59;1,81;20,63;39,60;0,28
0,42;1,76;20,58;40,54;0,15
0,46;0,45;20,56;40,52;0,11
0,41;5,27;23,59;41,56;0,11
0,45;9,24;26,60;44,57;0,14
0,66;10,64;26,58;43,55;0,26
0,90;10,72;25,69;42,59;0,52
0,84;10,79;24,72;39,64;0,51
0,85;10,94;23,72;36,67;0,30
0,59;10,82;26,70;41,68;0,19
0,55;5,73;25,69;46,67;0,17
0,64;2,69;24,65;46,63;0,26
0,71;1,66;23,70;45,69;0,45
0,70;0,67;21,78;42,80;0,39
0,58;0,59;21,79;41,81;0,28
0,61;6,52;24,73;42,74;0,15
0,50;8,62;22,78;36,80;0,11
0,73;9,68;20,83;32,87;0,27
0,85;9,74;19,73;30,66;0,51
0,91;9,88;19,72;29,63;0,51
0,85;9,95;20,66;30,59;0,31
0,63;10,77;25,67;39,65;0,17
0,49;5,75;25,65;45,63;0,17
0,67;3,71;25,64;46,61;0,22
0,76;2,82;25,71;48,68;0,31
0,65;2,77;25,66;48,64;0,24
0,54;2,72;25,62;48,59;0,15
0,48;8,64;29,65;49,63;0,15
0,48;8,62;25,67;41,65;0,18
0,72;8,72;22,62;35,58;0,30
0,72;9,72;20,70;31,57;0,48
0,87;9,94;18,73;28,64;0,33
0,68;9,94;18,70;26,64;0,15
0,54;8,79;23,66;36,62;0,15
0,52;3,79;21,70;40,69;0,13
0,58;1,70;22,73;42,74;0,17
0,72;1,68;22,72;44,72;0,32
0,61;1,73;23,66;44,64;0,22
0,51;2,57;23,66;44,65;0,15
0,49;8,49;27,69;46,69;0,14
0,60;9,51;23,69;38,68;0,16
0,78;9,79;22,70;34,63;0,32
0,78;9,77;20,69;31,56;0,36
0,69;9,85;19,71;28,67;0,22
0,59;9,79;18,70;27,67;0,19
0,52;8,62;22,69;36,69;0,14
0,50;2,52;23,77;43,80;0,12
0,54;1,42;25,69;49,70;0,13
0,58;1,33;28,65;56,63;0,28
0,61;0,26;30,63;60,61;0,22
0,53;5,29;33,64;62,62;0,16
0,57;10,21;37,69;64,68;0,23
0,64;10,30;33,71;56,71;0,21
0,82;11,73;29,68;48,56;0,42
0,77;11,71;26,65;42,52;0,46
0,55;11,76;22,61;35,55;0,20
0,49;11,68;24,62;37,57;0,14
0,46;6,56;24,62;43,59;0,11
0,48;1,39;23,55;43,51;0,12
0,60;1,64;22,64;43,61;0,19
0,59;1,63;22,66;44,64;0,23
0,50;1,45;22,59;43,55;0,16
0,53;5,46;26,58;47,54;0,11
0,47;6,39;26,59;46,55;0,11
0,62;7,40;24,57;41,54;0,23
0,80;7,72;23,68;39,60;0,47
0,86;7,76;22,69;36,65;0,40
0,80;7,88;21,70;34,65;0,29
0,57;7,69;23,67;39,64;0,20
0,46;3,54;22,65;41,62;0,13
0,47;1,40;21,58;41,55;0,14
0,56;1,35;22,66;43,65;0,26
0,61;0,27;23,64;45,62;0,28
0,55;0,17;24,67;49,66;0,25
0,56;4,20;30,65;57,63;0,22
0,59;5,19;32,65;58,63;0,22
0,68;6,63;32,64;57,61;0,27
0,84;6,86;32,68;57,57;0,38
0,88;6,93;32,62;57,52;0,35
0,68;7,96;32,59;56,52;0,29
0,62;7,78;34,62;61,59;0,19
0,55;3,81;32,62;59,58;0,20
0,55;2,59;30,61;57,59;0,26
0,61;1,38;30,68;58,66;0,24
0,57;1,53;29,68;57,67;0,23
0,57;3,40;30,60;57,56;0,20
0,49;9,23;34,58;60,54;0,16
0,48;10,18;33,55;55,51;0,21
0,81;11,74;32,67;53,62;0,40
0,94;11,76;30,68;49,55;0,51
0,82;11,90;27,70;43,63;0,37
0,66;11,74;29,69;46,66;0,22
0,57;9,64;29,71;49,71;0,17
0,55;3,47;26,67;49,66;0,16
0,58;2,65;26,61;50,58;0,20
0,59;1,59;27,63;52,60;0,25
0,56;17,36;35,60;54,57;0,19
0,53;37,26;47,62;56,59;0,15
0,53;41,30;47,60;52,57;0,24
0,61;42,21;46,36;50,49;0,34
0,76;42,35;45,48;47,61;0,48
0,71;42,49;44,61;45,60;0,43
0,69;43,49;47,60;51,56;0,24
0,57;28,35;41,57;53,52;0,18
0,54;8,28;31,60;55,58;0,23
0,82;5,65;28,74;52,75;0,32
0,80;4,66;27,74;50,74;0,31
0,64;3,62;26,72;48,71;0,21
0,55;10,56;28,60;46,56;0,21
0,57;13,62;26,66;38,63;0,18
0,64;14,43;25,62;36,59;0,22
0,72;14,72;24,71;35,54;0,46
0,85;14,77;24,70;34,58;0,43
0,82;14,85;23,66;32,57;0,34
0,67;15,72;29,63;42,58;0,19
0,49;8,67;29,56;48,49;0,16
0,51;5,45;29,54;53,48;0,20
0,76;3,79;29,70;55,68;0,27
0,76;3,77;29,68;54,67;0,33
0,62;5,67;29,68;54,67;0,26
0,53;33,53;44,63;54,61;0,19
0,54;39,43;42,63;44,61;0,17
0,67;40,56;39,63;37,62;0,30
0,79;40,27;36,39;30,67;0,41
0,72;41,24;34,47;26,70;0,37
0,55;41,42;37,66;31,74;0,26
0,51;39,42;40,67;39,73;0,19
0,60;11,40;28,68;45,70;0,23
0,66;4,29;26,69;48,69;0,33
0,62;2,26;26,72;50,72;0,32
0,65;1,23;26,74;51,75;0,27
0,54;6,26;29,62;52,59;0,19
0,54;11,34;29,64;46,62;0,20
0,66;13,40;25,68;37,67;0,26
0,78;13,71;22,74;31,69;0,40
0,80;13,68;20,75;27,80;0,38
0,74;13,74;19,75;23,74;0,28
0,66;13,63;21,72;28,72;0,24
0,53;8,48;23,74;37,77;0,15
0,56;3,47;23,64;43,63;0,15
0,58;1,41;24,69;47,69;0,23
0,60;1,46;25,67;49,66;0,27
0,56;2,38;26,60;51,56;0,20
0,55;29,42;41,65;53,63;0,16
0,54;35,38;43,67;49,65;0,17
0,62;37,32;39,61;39,62;0,25
0,75;38,27;36,39;33,58;0,44
0,75;38,32;33,51;27,70;0,44
0,69;38,52;32,65;25,66;0,27
0,55;38,41;38,60;37,60;0,17
0,49;11,38;28,62;45,64;0,16
0,55;4,30;27,70;49,72;0,20
0,61;2,47;28,69;53,69;0,34
0,59;2,37;29,64;56,62;0,22
0,58;4,27;30,61;57,59;0,16
0,53;10,31;34,60;58,57;0,17
0,57;12,28;28,63;45,61;0,18
0,70;12,67;25,65;37,60;0,49
0,71;13,70;23,70;32,56;0,40
0,68;13,78;21,66;29,53;0,27
0,61;13,74;24,66;35,61;0,22
0,56;11,63;29,65;47,62;0,16
0,54;4,62;29,62;55,58;0,23
0,57;2,56;31,65;61,63;0,26
0,54;1,52;34,67;66,66;0,32
0,51;5,38;36,57;70,54;0,19
0,50;28,25;49,62;72,59;0,18
0,53;34,29;49,60;66,57;0,19
0,62;35,23;44,53;54,57;0,28
0,70;36,24;40,39;47,52;0,33
0,74;36,34;38,52;42,57;0,39
0,62;36,50;36,57;37,53;0,21
0,49;33,35;34,56;35,55;0,15
0,45;9,39;21,61;32,58;0,17
0,51;4,42;17,62;31,60;0,14
0,55;3,54;16,79;29,82;0,15
0,55;2,49;16,70;29,70;0,20
0,54;14,39;26,66;37,66;0,13
0,48;19,32;33,61;47,59;0,20
0,61;22,32;38,64;54,63;0,26
0,70;25,45;43,62;61,71;0,36
0,65;26,50;48,66;70,69;0,40
0,66;31,42;55,71;79,76;0,33
1,59;35,36;61,66;88,73;0,33
0,61;24,42;56,69;89,71;0,29
0,65;22,29;52,60;83,68;0,32
0,58;20,21;51,60;83,69;0,25
0,52;18,32;51,69;85,72;0,25
9,54;45,28;64,61;84,70;0,27
28,62;46,41;72,60;92,58;0,27
36,57;45,30;74,67;93,68;0,29
37,16;46,19;73,41;93,69;0,35
37,20;43,24;77,53;102,69;0,40
38,18;42,54;78,66;104,74;0,30
53,12;41,56;80,60;104,56;0,30
51,47;14,52;66,64;102,62;0,32
35,37;7,53;56,70;92,70;0,32
31,19;5,59;53,55;88,71;0,29
34,11;4,50;51,58;84,66;0,28
40,11;14,45;53,62;82,69;0,25
45,12;37,45;66,59;82,64;0,28
35,13;41,56;68,59;87,66;0,27
32,22;43,48;72,57;94,59;0,42
31,29;44,50;75,57;101,60;0,36
31,26;45,44;77,59;104,62;0,29
29,26;45,48;81,57;113,57;0,27
27,26;34,38;81,55;121,54;0,34
26,25;11,36;70,61;122,63;0,35
24,19;5,35;66,62;120,63;0,35
24,30;3,45;63,59;116,58;0,38
25,27;7,45;62,59;112,60;0,35
22,28;31,48;72,57;109,58;0,32
20,28;35,50;71,54;103,52;0,29
16,27;36,20;65,52;90,59;0,30
12,27;37,22;62,44;85,73;0,36
8,45;37,18;60,60;81,72;0,41
17,57;37,19;61,65;81,68;0,33
37,50;32,25;64,66;82,67;0,31
57,29;8,27;57,64;87,65;0,29
75,30;4,27;58,60;88,70;0,32
90,22;2,30;59,49;88,65;0,29
103,20;2,24;60,54;88,68;0,33
115,18;28,25;73,51;88,64;0,26
115,19;36,33;81,53;94,67;0,31
101,18;39,55;80,56;97,70;0,41
91,22;40,50;81,58;101,69;0,50
82,19;41,47;82,57;105,64;0,38
77,19;41,52;84,60;108,64;0,33
74,18;41,43;86,55;114,59;0,25
70,16;15,38;78,60;122,67;0,29
67,17;6,43;70,60;115,71;0,30
64,19;3,45;69,56;115,61;0,26
60,18;2,47;67,56;112,58;0,23
59,18;18,42;70,55;107,61;0,28
59,17;31,39;75,57;107,61;0,28
60,17;33,41;75,54;105,57;0,27
60,19;34,21;72,44;97,65;0,31
53,16;35,20;71,51;97,73;0,31
46,17;35,26;68,65;94,78;0,35
56,17;35,29;69,60;91,72;0,36
66,10;18,20;64,72;91,76;0,35
73,17;5,11;59,72;89,74;0,30
77,24;3,21;57,53;86,70;0,28
80,18;2,19;57,47;85,63;0,27
91,16;7,25;59,49;83,63;0,24
102,16;32,28;73,48;86,61;0,27
93,16;38,22;75,51;91,62;0,30
82,20;40,51;76,55;96,65;0,33
73,17;40,53;78,59;101,51;0,34
67,17;41,52;78,53;105,51;0,38
62,16;41,50;78,52;107,51;0,30
57,16;35,44;79,55;113,56;0,28
53,17;10,35;67,53;111,55;0,32
50,16;4,34;63,58;109,62;0,25
49,14;2,39;62,58;108,61;0,25
47,14;5,25;60,51;104,53;0,26
45,14;24,37;68,55;103,58;0,24
40,15;28,34;70,51;105,52;0,28
33,16;28,19;68,54;102,59;0,37
27,16;29,13;65,42;99,64;0,42
20,14;29,13;63,59;97,66;0,36
22,18;29,21;63,64;96,65;0,35
41,42;25,16;67,65;98,64;0,34
57,20;6,9;61,66;97,65;0,36
69,21;2,13;59,63;93,68;0,32
75,29;1,35;58,54;89,72;0,33
78,24;1,33;58,52;88,70;0,26
82,20;25,39;67,48;83,62;0,23
76,13;35,33;69,49;77,53;0,20
54,16;38,47;63,53;70,53;0,30
37,21;39,43;66,53;83,59;0,40
26,21;39,52;68,63;91,68;0,40
23,21;39,54;70,63;96,69;0,40
22,22;39,51;73,64;102,64;0,46
21,22;15,49;66,61;111,61;0,34
21,21;5,48;64,54;117,52;0,27
22,23;2,37;68,58;127,56;0,27
20,25;2,37;63,72;119,75;0,29
21,23;28,37;73,67;114,70;0,27
39,21;39,37;80,58;113,58;0,28
56,22;41,57;83,62;113,62;0,36
71,26;43,23;86,43;112,63;0,42
77,23;44,37;87,47;113,58;0,37
74,20;44,51;86,54;110,60;0,33
88,22;45,51;86,53;104,59;0,34
105,16;18,54;76,58;103,62;0,35
100,23;8,52;71,66;102,67;0,39
93,57;5,62;67,65;97,73;0,39
81,29;4,54;63,53;92,69;0,41
76,21;12,54;64,50;91,63;0,31
79,18;27,62;72,54;94,64;0,29
65,11;31,65;75,58;102,64;0,31
47,14;32,46;74,61;107,65;0,42
33,18;33,47;73,63;110,65;0,38
23,17;33,51;73,61;113,61;0,33
21,15;33,60;75,61;116,60;0,29
23,17;24,51;74,58;120,58;0,32
24,15;8,52;66,65;115,68;0,34
26,25;4,50;61,64;110,67;0,33
29,29;2,52;61,60;110,62;0,35
29,23;7,50;62,58;110,59;0,30
36,21;26,44;71,59;110,60;0,28
47,21;28,44;73,58;108,60;0,27
51,18;29,17;71,59;104,69;0,33
47,22;29,12;71,43;104,70;0,33
44,19;29,7;69,52;101,71;0,36
59,12;30,15;69,62;95,75;0,37
79,6;24,9;72,66;98,68;0,31
88,16;5,8;66,63;97,63;0,31
92,33;2,59;65,55;96,69;0,36
100,24;1,55;65,56;93,73;0,28
114,21;5,45;67,55;92,73;0,28
127,21;32,38;82,55;92,74;0,28
119,21;38,44;85,53;95,72;0,31
108,19;39,52;82,57;94,75;0,35
101,18;40,51;86,57;104,65;0,40
95,20;40,52;87,52;109,53;0,28
88,18;40,49;87,51;111,53;0,25
82,17;37,36;87,57;115,61;0,26
78,18;10,44;74,54;117,60;0,26
75,18;3,43;71,56;117,62;0,27
73,16;2,46;70,60;116,68;0,28
69,17;2,41;63,54;104,60;0,28
68,15;28,38;72,56;98,62;0,24
75,16;35,42;76,56;98,64;0,28
79,16;37,24;75,54;94,60;0,32
84,30;38,21;75,47;92,78;0,39
78,19;39,22;72,52;87,68;0,34
71,18;39,47;69,54;83,63;0,26
88,18;38,46;72,51;83,58;0,27
96,14;13,55;61,60;80,64;0,31
96,52;6,47;57,68;76,70;0,36
97,37;4,64;56,53;72,74;0,45
99,21;3,59;56,47;70,66;0,29
111,18;11,63;61,46;71,67;0,28
124,17;30,63;74,48;76,70;0,27
111,16;36,58;76,50;81,69;0,28
104,18;38,50;76,55;84,66;0,32
100,16;39,44;78,54;88,61;1,34
96,16;39,55;79,56;91,59;1,25
92,16;42,55;80,50;94,57;1,23
88,16;34,51;78,51;95,62;1,22
85,15;15,45;68,52;92,63;1,20
82,18;9,54;64,57;89,66;0,29
81,15;7,45;61,51;86,60;0,28
78,14;7,36;59,48;85,55;0,26
88,14;34,36;72,47;86,53;0,21
95,14;39,36;75,46;86,56;1,27
101,26;41,54;79,59;88,67;1,43
108,23;42,44;80,56;89,75;1,40
110,23;42,53;78,59;84,74;1,50
101,23;42,60;75,59;78,74;3,54
93,25;40,65;72,54;69,67;11,50
71,25;13,71;55,52;58,66;18,42
52,9;6,61;45,56;45,68;22,20
34,8;3,49;34,48;31,61;26,26
16,13;2,47;25,61;19,65;29,44
3,17;1,50;22,63;12,62;35,48
1,16;1,56;21,69;7,71;38,54
1,26;1,56;20,61;5,72;38,42
1,50;1,60;19,47;4,68;38,28
0,39;1,57;21,50;3,65;42,32
0,38;1,47;22,53;3,52;45,37
0,37;0,47;24,60;3,60;51,45
0,37;0,46;25,55;2,59;54,39
0,26;0,36;25,52;2,56;54,36
0,17;0,31;24,58;2,49;53,43
0,26;0,33;24,59;2,52;52,44
5,31;2,37;24,54;2,52;51,38
23,28;30,39;41,56;3,47;51,40
33,41;38,37;47,59;4,47;50,43
35,30;41,32;48,47;4,51;48,36
36,21;42,25;48,39;5,54;46,50
36,18;43,31;48,49;5,67;44,52
48,9;43,45;52,56;7,73;47,44
55,10;42,45;60,51;13,69;56,32
43,17;14,38;48,49;16,59;58,31
39,27;6,31;45,57;17,47;61,60
41,19;3,46;47,67;18,53;66,76
43,16;3,45;51,71;19,54;73,77
45,13;37,50;71,73;20,53;80,76
34,12;55,42;78,71;20,49;78,69
22,10;60,71;73,76;17,46;70,75
16,14;62,40;70,56;16,58;64,76
11,30;62,34;66,55;16,66;57,77
7,22;63,43;61,72;17,71;47,80
28,20;65,47;69,78;30,74;37,79
41,32;31,38;54,76;38,69;26,76
50,38;13,42;47,71;45,66;19,77
51,29;8,55;45,54;50,67;12,78
52,15;7,54;44,45;54,55;8,71
53,11;13,54;47,51;58,61;4,74
53,6;33,52;58,59;60,60;2,73
29,7;33,56;48,59;50,58;2,83
14,8;34,21;41,48;43,64;1,73
5,19;34,25;36,42;36,67;1,70
3,51;34,24;33,48;31,60;1,78
14,38;34,34;38,51;37,47;1,81
34,28;26,29;40,50;41,45;1,84
48,49;6,28;33,54;42,48;1,73
54,31;2,28;33,64;44,76;1,57
58,21;1,47;35,51;47,79;0,26
61,14;8,44;39,42;50,64;0,22
63,9;49,45;62,44;49,55;0,33
52,4;62,43;62,45;37,50;0,42
31,6;65,50;55,52;28,50;0,50
17,9;66,39;50,47;23,52;0,47
10,6;67,41;47,49;19,51;1,46
24,15;70,49;51,56;17,56;2,50
43,21;65,47;57,58;19,58;8,67
57,26;23,48;40,58;23,52;14,72
70,43;11,84;40,56;26,50;21,54
83,21;8,77;45,47;29,55;27,55
89,16;7,39;48,47;31,56;29,56
95,15;28,41;61,47;33,55;34,56
90,14;33,35;66,49;31,59;44,56
73,10;33,49;61,48;26,51;45,55
60,23;34,19;57,36;23,47;45,50
47,15;34,31;54,50;22,50;44,54
36,6;34,45;51,49;21,51;43,41
49,6;34,48;58,51;26,53;47,39
55,4;13,45;52,51;31,51;47,38
54,21;4,43;46,49;32,48;41,35
57,21;2,39;43,48;33,68;36,35
57,8;1,42;41,45;32,62;31,37
59,6;30,44;54,39;32,53;29,37
71,4;53,45;67,38;29,54;31,41
66,3;60,64;66,45;21,53;30,51
64,22;63,42;62,52;15,44;27,67
63,16;64,41;60,52;13,40;23,76
61,13;65,44;59,53;12,34;22,79
60,12;65,49;64,45;22,36;24,63
56,10;35,51;55,35;31,45;28,58
42,8;13,50;46,41;38,52;29,72
29,3;5,41;43,62;43,65;32,40
18,8;3,38;45,65;48,66;38,51
9,18;12,40;52,72;52,65;49,68
20,27;27,35;65,76;53,64;60,73
37,32;30,38;67,77;44,59;65,73
52,24;31,20;65,56;36,51;62,71
67,21;31,28;66,53;31,51;62,68
81,15;32,27;66,47;28,46;57,65
94,13;32,38;65,46;29,54;50,62
100,12;21,27;60,46;32,51;40,59
85,12;5,31;49,40;36,51;29,50
68,13;2,17;42,47;37,64;23,44
53,9;1,34;37,53;37,64;18,54
38,6;7,39;33,59;36,60;11,54
24,8;50,33;51,58;34,58;8,56
12,10;64,35;53,57;29,58;7,58
5,18;67,61;51,62;24,50;6,52
4,29;69,39;49,47;20,50;5,35
2,26;70,48;48,55;17,46;5,40
17,33;72,53;53,54;16,41;9,36
34,29;68,48;59,54;19,46;14,49
40,23;26,55;41,61;23,53;20,62
